Generation	Ne_diploids
1	109.327
2	109.327
3	109.327
4	109.327
5	110.731
6	112.6
7	114.713
8	116.086
9	118.63
10	123.506
11	128.375
12	133.334
13	137.367
14	144.907
15	152.599
16	160.111
17	166.476
18	176.634
19	186.936
20	195.817
21	203.276
22	213.673
23	225.515
24	235.769
25	242.952
26	253.087
27	263.27
28	272.456
29	282.182
30	290.818
31	296.847
32	305.3
33	314.052
34	319.649
35	323.899
36	328.619
37	335.028
38	339.624
39	343.674
40	347.117
41	351.297
42	354.114
43	357.064
44	359.071
45	361.805
46	363.273
47	365.207
48	366.924
49	368.189
50	368.752
51	369.531
52	371.504
53	372.392
54	373.436
55	374.523
56	374.13
57	373.814
58	374.035
59	374.122
60	374.456
61	374.21
62	373.909
63	373.34
64	372.795
65	371.246
66	369.349
67	368.172
68	366.738
69	365.33
70	365.404
71	364.056
72	362.457
73	360.535
74	359.224
75	357.978
76	356.813
77	355.506
78	353.734
79	352.594
80	350.952
81	349.236
82	348.007
83	347.539
84	345.791
85	344.494
86	343.892
87	342.664
88	341.196
89	340.145
90	338.711
91	338.024
92	336.545
93	335.79
94	334.572
95	332.915
96	331.092
97	329.117
98	327.731
99	326.72
100	325.372
101	324.44
102	322.569
103	321.073
104	319.306
105	318.127
106	316.968
107	315.291
108	314.128
109	312.906
110	311.632
111	309.768
112	308.356
113	307.609
114	306.551
115	305.835
116	304.6
117	303.716
118	303.147
119	302.237
120	301.461
121	300.369
122	300.075
123	299.768
124	299.247
125	298.352
126	297.578
127	297.104
128	296.383
129	295.968
130	295.661
131	295.155
132	294.963
133	295.115
134	294.904
135	294.764
136	294.158
137	294.05
138	293.726
139	293.521
140	293.651
141	293.644
142	293.207
143	293.146
144	293.199
145	293.267
146	293.314
147	293.374
148	293.283
149	293.365
150	293.558
