c_bin	number_of_SNP_pairs	Observed_d2	Predicted_d2
0.04110212	12906954	0.06999287	0.07026785
0.02896507	6464540	0.08246244	0.08158067
0.02240838	3894962	0.09131466	0.09102525
0.01828434	2588839	0.09839522	0.09933543
0.01544643	1844713	0.10682441	0.10689109
0.01337167	1390552	0.11310007	0.11391057
0.01179053	1083775	0.11989226	0.12051091
0.01054592	870700	0.12706183	0.12677121
0.00953813	714632	0.13292102	0.13276256
0.00870696	594624	0.13755627	0.13850945
0.00800879	504654	0.14442879	0.14404704
0.00741424	433686	0.15023909	0.14939349
0.00690233	376018	0.15516260	0.15455931
0.00645602	329984	0.16061530	0.15956854
0.00606420	291147	0.16556883	0.16442164
0.00571685	259735	0.16932859	0.16913680
0.00540810	232251	0.17459380	0.17370156
0.00513038	209914	0.17784832	0.17814869
0.00487977	189515	0.18128368	0.18247439
0.00465280	173494	0.18654394	0.18667802
0.00435318	302702	0.19386242	0.19269652
0.00400403	257103	0.19977299	0.20048717
0.00370717	221768	0.20817349	0.20788275
0.00345082	192322	0.21425253	0.21493944
0.00322806	168724	0.22127885	0.22165465
0.00294778	281681	0.23022228	0.23099995
0.00263627	225934	0.24226346	0.24277650
0.00238417	185749	0.25333898	0.25359981
0.00209317	288691	0.26777957	0.26785377
0.00168655	375379	0.29232464	0.29181993
0.00121930	395072	0.32745411	0.32752887
