c_bin	number_of_SNP_pairs	Observed_d2	Predicted_d2
0.04113082	361455991	0.04157479	0.04184515
0.02897216	178386238	0.04657835	0.04655301
0.02241002	106337261	0.05076496	0.05071370
0.01828333	70524093	0.05489755	0.05440305
0.01544689	50198699	0.05786746	0.05771235
0.01337326	37573498	0.06124063	0.06072265
0.01179192	29197736	0.06384386	0.06348527
0.01054592	23285744	0.06674923	0.06603868
0.00953826	19039792	0.06951994	0.06841198
0.00870658	15862003	0.07125228	0.07062585
0.00800857	13421805	0.07304402	0.07269666
0.00741425	11511276	0.07434025	0.07463872
0.00690215	9974102	0.07679252	0.07646363
0.00645612	8707791	0.07807576	0.07818240
0.00606437	7689330	0.07936290	0.07980286
0.00571742	6834412	0.08046186	0.08133373
0.00540811	6109395	0.08212031	0.08278170
0.00513051	5499920	0.08325399	0.08415381
0.00487996	4977346	0.08408087	0.08545603
0.00465285	4524172	0.08507217	0.08669266
0.00444590	4129006	0.08640530	0.08786935
0.00425660	3781242	0.08775726	0.08899015
0.00408280	3483413	0.08881694	0.09005896
0.00392263	3212816	0.08978233	0.09107966
0.00377445	2976489	0.09109082	0.09205617
0.00363720	2761016	0.09220563	0.09298983
0.00350946	2569825	0.09267026	0.09388539
0.00339046	2396823	0.09323866	0.09474383
0.00327929	2245121	0.09400593	0.09556802
0.00317507	2106247	0.09467942	0.09636100
0.00307742	1981820	0.09534649	0.09712273
0.00298555	1863023	0.09604224	0.09785666
0.00289897	1752079	0.09703055	0.09856439
0.00281725	1656834	0.09751670	0.09924723
0.00274010	1565139	0.09808497	0.09990584
0.00266693	1484505	0.09866829	0.10054340
0.00259769	1409012	0.09912946	0.10115890
0.00253191	1339103	0.09952216	0.10175492
0.00246938	1274037	0.10045194	0.10233221
0.00240986	1214635	0.10101400	0.10289176
0.00235316	1157870	0.10174283	0.10343434
0.00229906	1104783	0.10229517	0.10396096
0.00222295	2065708	0.10364222	0.10471743
0.00212828	1892081	0.10466776	0.10568502
0.00204136	1742033	0.10539688	0.10660136
0.00196124	1609239	0.10644315	0.10747159
0.00188725	1488529	0.10695854	0.10829859
0.00181859	1384440	0.10824372	0.10908751
0.00175476	1284858	0.10916465	0.10984088
0.00169523	1199338	0.11056805	0.11056193
0.00161400	2174664	0.11158363	0.11157711
0.00151611	1921187	0.11358330	0.11285326
0.00142934	1705165	0.11557657	0.11403862
0.00135201	1524694	0.11796781	0.11514361
0.00128262	1371102	0.11960351	0.11617925
0.00122001	1240800	0.12169968	0.11715379
0.00113794	2166790	0.12460914	0.11849723
0.00104290	1816361	0.12809535	0.12016214
