Generation	Ne_diploids
1	636.159
2	636.159
3	636.159
4	636.159
5	604.37
6	570.923
7	555.037
8	542.234
9	513.512
10	475.188
11	460.148
12	446.955
13	425.444
14	394.367
15	382.422
16	373.913
17	360.436
18	347.729
19	342.086
20	338.778
21	334.709
22	332.464
23	331.207
24	330.925
25	331.953
26	333.966
27	337.38
28	340.509
29	346.888
30	351.904
31	358.37
32	365.574
33	378.349
34	390.318
35	403.571
36	413.166
37	430.552
38	449.59
39	466.916
40	477.502
41	497.033
42	521.35
43	537.738
44	549.547
45	571.368
46	597.99
47	616.128
48	626.133
49	641.755
50	661.846
51	682.727
52	698.487
53	716.735
54	732.831
55	750.432
56	768.038
57	787.871
58	800.604
59	817.531
60	831.73
61	848.988
62	860.888
63	874.889
64	887.468
65	907.872
66	916.716
67	923.47
68	934.413
69	948.739
70	957.676
71	964.386
72	975.149
73	989.23
74	997.94
75	1002.72
76	1009.5
77	1019.23
78	1024.25
79	1029.33
80	1030.5
81	1036.15
82	1040.81
83	1045.48
84	1048.41
85	1046.8
86	1049.02
87	1054.14
88	1051.14
89	1051.16
90	1049.76
91	1045.98
92	1037.14
93	1035.97
94	1031.36
95	1028.58
96	1018.45
97	1011.11
98	999.18
99	988.686
100	979.317
101	963.543
102	945.494
103	934.645
104	918.208
105	904.171
106	881.063
107	860.654
108	838.394
109	821.771
110	793.637
111	770.953
112	740.784
113	717.554
114	688.77
115	667.419
116	638.479
117	610.629
118	575.698
119	551.232
120	527.762
121	500.477
122	473.64
123	444.91
124	420.976
125	387.014
126	365.843
127	340.554
128	318.85
129	290.765
130	272.248
131	250.64
132	235.099
133	212.282
134	196.793
135	180.428
136	169.086
137	151.901
138	139.962
139	128.522
140	120.462
141	108.866
142	100.932
143	93.6566
144	87.9721
145	81.3389
146	76.5962
147	71.6795
148	68.2765
149	65.034
150	61.7322
