c_bin	number_of_SNP_pairs	Observed_d2	Predicted_d2
0.04113046	583997929	0.03626095	0.03626378
0.02897346	288002933	0.03702236	0.03696246
0.02240915	171580014	0.03752816	0.03755637
0.01828430	113887178	0.03809906	0.03810244
0.01544595	81071236	0.03852263	0.03862313
0.01337340	60664879	0.03891403	0.03912823
0.01179212	47158418	0.03933501	0.03962341
0.01054588	37662462	0.04027494	0.04011161
0.00953818	30774056	0.04067341	0.04059473
0.00870678	25645225	0.04134223	0.04107370
0.00800855	21672949	0.04163011	0.04154971
0.00741425	18572320	0.04207607	0.04202292
0.00690200	16078341	0.04246976	0.04249399
0.00645610	14056722	0.04285340	0.04296295
0.00606430	12402995	0.04361407	0.04343016
0.00571737	11027278	0.04404632	0.04389572
0.00540814	9863167	0.04450313	0.04435951
0.00513049	8862541	0.04500576	0.04482217
0.00487994	8018783	0.04518894	0.04528352
0.00465290	7296429	0.04543280	0.04574320
0.00444594	6651764	0.04621120	0.04620187
0.00425658	6098674	0.04650652	0.04665943
0.00408279	5606623	0.04709575	0.04711554
0.00392255	5176302	0.04746438	0.04757075
0.00377446	4801548	0.04789930	0.04802470
0.00363721	4458336	0.04856661	0.04847733
0.00350945	4147103	0.04903230	0.04892939
0.00339050	3869187	0.04935391	0.04937986
0.00327928	3617760	0.04960405	0.04982957
0.00317511	3391549	0.05039575	0.05027832
0.00307742	3181998	0.05087107	0.05072575
0.00298552	2999976	0.05149729	0.05117235
0.00289898	2829653	0.05177019	0.05161783
0.00281726	2672556	0.05205598	0.05206257
0.00274008	2526382	0.05235941	0.05250606
0.00266698	2391136	0.05293233	0.05294871
0.00259769	2267962	0.05337329	0.05339040
0.00253190	2155497	0.05395383	0.05383114
0.00246941	2053264	0.05436583	0.05427060
0.00240986	1951925	0.05468026	0.05470966
0.00235313	1856795	0.05529864	0.05514767
0.00229903	1781233	0.05567632	0.05558451
0.00222295	3321611	0.05606040	0.05623314
0.00212830	3047670	0.05680641	0.05710165
0.00204140	2805100	0.05780827	0.05796620
0.00196127	2587863	0.05865364	0.05882777
0.00188724	2395739	0.05975585	0.05968521
0.00181859	2227708	0.06073393	0.06053912
0.00175475	2072201	0.06151202	0.06138971
0.00169523	1934503	0.06242538	0.06223686
0.00163965	1812067	0.06313914	0.06308011
0.00158756	1698893	0.06364063	0.06392048
0.00151610	3092058	0.06491939	0.06516103
0.00142936	2749267	0.06675605	0.06682170
0.00135201	2462219	0.06874005	0.06846905
0.00128261	2214700	0.07018472	0.07010304
0.00122000	2004199	0.07201169	0.07172361
0.00116322	1823532	0.07351991	0.07333120
0.00111150	1665693	0.07482961	0.07492611
0.00104290	2928740	0.07725767	0.07726215
