Generation	Ne_diploids
1	375.716
2	375.716
3	375.716
4	420.406
5	5323.5
6	5323.5
7	5323.5
8	5322.45
9	5328.31
10	5325.76
11	5328.28
12	5327.77
13	5330.75
14	5330.93
15	5328.87
16	5325.48
17	5327.78
18	5319.2
19	5318.78
20	5316.85
21	5319.95
22	5320.79
23	5317.06
24	5310.89
25	5306.38
26	5308.06
27	5304.98
28	5302.01
29	5297.51
30	5292.38
31	5293.85
32	5291.4
33	5291.23
34	5292.16
35	5284.53
36	5284.41
37	5277.03
38	5276.06
39	5270.32
40	5267.57
41	5263.05
42	5257.92
43	5255.33
44	5251.88
45	5251.31
46	5252.09
47	5255.62
48	5254.23
49	5253.69
50	5253.93
51	5250.54
52	5244.68
53	5245.39
54	5245.84
55	5240.62
56	5234.72
57	5226.52
58	5222.33
59	5220.61
60	5218.14
61	5212.56
62	5206.33
63	5201.59
64	5197.79
65	5195.4
66	5184.84
67	5182.67
68	5181.04
69	5175.14
70	5172.69
71	5173.2
72	5171.98
73	5168.26
74	5160.97
75	5157.79
76	5151.11
77	5144.55
78	5139.57
79	5138.8
80	5133.35
81	5129.3
82	5124.57
83	5116.6
84	5112.68
85	5106.56
86	5100.56
87	5098.12
88	5095.83
89	5095.25
90	5093.27
91	5088.79
92	5089.44
93	5088.86
94	5088.16
95	5084.64
96	5081.92
97	5082.34
98	5076.73
99	5070.27
100	5071.02
101	5066.95
102	5066.44
103	5072.1
104	5070.24
105	5067.62
106	5065.92
107	5063.32
108	5060.43
109	5059.84
110	5055.18
111	5051.48
112	5049.54
113	5044.96
114	5043.92
115	5045.47
116	5044.76
117	5044.3
118	5043.19
119	5041.99
120	5035.94
121	5033.33
122	5029.97
123	5028.41
124	5027.27
125	5026.81
126	5026.76
127	5026.32
128	5026.84
129	5028.9
130	5028.72
131	5029.73
132	5028.09
133	5027.52
134	5027.78
135	5027.81
136	5028.32
137	5030.37
138	5031.42
139	5031.61
140	5031.92
141	5033.64
142	5033.12
143	5033.68
144	5032.97
145	5030.33
146	5030.79
147	5029.55
148	5028.92
149	5028.34
150	5029.6
