Generation	Ne_diploids
1	3630.3
2	3630.3
3	3630.3
4	3630.3
5	3630.32
6	3630.37
7	3630.33
8	3630.09
9	3629.74
10	3629.75
11	3629.43
12	3629.17
13	3628.84
14	3628.23
15	3627.78
16	3626.61
17	3626.66
18	3626.45
19	3625.75
20	3625.01
21	3624.59
22	3624.02
23	3623.22
24	3622.41
25	3621.42
26	3619.5
27	3618.46
28	3617.22
29	3614.78
30	3612.92
31	3611.02
32	3607.46
33	3600.27
34	3594.86
35	3588.49
36	3585.53
37	3581.24
38	3576.11
39	3567.44
40	3562.15
41	3554.36
42	3545.33
43	3531.7
44	3525.15
45	3513.1
46	3502.15
47	3489.16
48	3478.76
49	3465.06
50	3450.12
51	3430.93
52	3413.1
53	3400.51
54	3383.52
55	3360.59
56	3337
57	3307.02
58	3282.93
59	3250.84
60	3228.02
61	3198.34
62	3168.01
63	3127.12
64	3095
65	3061.82
66	3037.99
67	3008.31
68	2969.73
69	2928.84
70	2884.44
71	2831.5
72	2797.83
73	2752.1
74	2706.28
75	2641.02
76	2588.06
77	2507.79
78	2385.63
79	2175.46
80	1893.28
81	1486.98
82	1081.05
83	876.665
84	738.792
85	668.756
86	643.294
87	626.727
88	613.853
89	602.198
90	590.944
91	582.529
92	577.952
93	573.577
94	566.854
95	563.789
96	560.377
97	558.1
98	555.672
99	553.781
100	552.087
101	551.381
102	550.2
103	548.484
104	547.095
105	546.525
106	545.875
107	545.269
108	544.408
109	543.976
110	543.7
111	543.082
112	542.746
113	542.329
114	542.156
115	541.797
116	541.395
117	541.126
118	540.97
119	540.796
120	540.711
121	540.673
122	540.639
123	540.601
124	540.505
125	540.498
126	540.489
127	540.447
128	540.447
129	540.392
130	540.392
131	540.367
132	540.319
133	540.319
134	540.302
135	540.275
136	540.244
137	540.225
138	540.169
139	540.169
140	540.169
141	540.145
142	540.145
143	540.138
144	540.117
145	540.101
146	540.073
147	540.076
148	540.076
149	540.076
150	540.076
