c_bin	number_of_SNP_pairs	Observed_d2	Predicted_d2
0.04112425	12323346	0.03273210	0.03278025
0.02897489	6065586	0.03344133	0.03351702
0.02240709	3612037	0.03406278	0.03441180
0.01828329	2401063	0.03401756	0.03552195
0.01544689	1710624	0.03542793	0.03685992
0.01337353	1278549	0.03774273	0.03841200
0.01179236	992847	0.03992770	0.04015096
0.01054552	794143	0.04117938	0.04204967
0.00953865	650336	0.04327312	0.04407722
0.00870685	540401	0.04634932	0.04621353
0.00800872	457128	0.04886375	0.04843545
0.00741440	391455	0.05136580	0.05072503
0.00690218	338201	0.05245596	0.05306783
0.00645614	295748	0.05557427	0.05545117
0.00606409	260617	0.05793854	0.05786524
0.00571729	232406	0.06094192	0.06029741
0.00540837	208271	0.06292044	0.06273973
0.00513044	187019	0.06489946	0.06519526
0.00487987	168755	0.06819255	0.06765051
0.00465308	153904	0.06912338	0.07009789
0.00435327	268474	0.07332424	0.07371173
0.00400438	227284	0.07899330	0.07855893
0.00370675	195820	0.08375622	0.08335350
0.00334318	317668	0.09100803	0.09023254
0.00294803	246918	0.10054073	0.09933403
0.00263641	198073	0.10977474	0.10806454
0.00238460	162026	0.11694091	0.11640747
0.00209292	248347	0.12965430	0.12791311
0.00168676	323650	0.14698242	0.14839947
0.00121988	336024	0.18152688	0.18174790
