c_bin	number_of_SNP_pairs	Observed_d2	Predicted_d2
0.04113003	256979469	0.03704861	0.03685663
0.02897443	126736418	0.03855628	0.03872521
0.02241043	75480176	0.04015967	0.04045874
0.01828309	50133440	0.04244841	0.04212121
0.01544576	35694921	0.04352909	0.04376024
0.01337324	26741519	0.04523789	0.04541636
0.01179192	20769885	0.04693261	0.04711931
0.01054621	16599600	0.04929845	0.04888570
0.00953798	13577389	0.05105222	0.05072655
0.00870663	11301704	0.05240952	0.05263916
0.00800846	9564636	0.05440227	0.05462188
0.00741425	8188591	0.05681647	0.05666587
0.00690210	7088640	0.05875557	0.05876328
0.00645605	6218196	0.06066082	0.06090480
0.00606424	5492980	0.06300999	0.06307980
0.00571755	4876914	0.06520104	0.06527770
0.00540809	4354320	0.06729703	0.06749397
0.00513033	3921404	0.06914513	0.06971941
0.00487998	3551772	0.07211146	0.07194407
0.00465298	3220823	0.07458441	0.07416395
0.00444598	2944229	0.07698273	0.07637615
0.00425655	2701209	0.07886054	0.07857521
0.00408274	2478698	0.08099415	0.08075456
0.00392261	2290774	0.08321636	0.08291216
0.00377450	2122413	0.08567330	0.08504704
0.00363718	1968183	0.08812687	0.08715559
0.00350946	1834264	0.09011664	0.08923706
0.00339055	1712313	0.09233580	0.09128664
0.00327927	1601583	0.09408066	0.09330896
0.00317515	1505658	0.09595805	0.09529821
0.00307745	1412147	0.09765374	0.09725553
0.00298550	1328401	0.09958721	0.09918215
0.00289898	1252056	0.10093538	0.10107405
0.00281730	1181897	0.10256764	0.10293407
0.00274009	1118063	0.10391216	0.10476166
0.00266701	1058923	0.10564528	0.10655654
0.00256524	1960541	0.10856210	0.10916668
0.00243998	1773285	0.11199022	0.11256717
0.00232641	1614117	0.11486997	0.11584262
0.00222294	1473787	0.11869886	0.11899811
0.00212832	1351767	0.12168004	0.12203628
0.00204138	1245101	0.12455162	0.12496413
0.00196133	1148115	0.12734130	0.12778308
0.00188726	1062566	0.13019270	0.13050162
0.00181856	987524	0.13260795	0.13312351
0.00172551	1773562	0.13632402	0.13683631
0.00161404	1554823	0.14157914	0.14154599
0.00151606	1372172	0.14552036	0.14594014
0.00142932	1218124	0.14975739	0.15004441
0.00135199	1088847	0.15330125	0.15388502
0.00125205	1869197	0.15849380	0.15912123
0.00113794	1546101	0.16682021	0.16550958
0.00104285	1298228	0.17298152	0.17119979
