Generation	Ne_diploids
1	913.662
2	913.662
3	913.662
4	913.662
5	943.396
6	958.043
7	968.436
8	978.225
9	1013.31
10	1037.03
11	1052.88
12	1069.65
13	1100.39
14	1126.61
15	1142.44
16	1159.88
17	1184.73
18	1205.62
19	1223.14
20	1243.26
21	1260.12
22	1276.54
23	1288.96
24	1299.19
25	1312.16
26	1325.32
27	1336.29
28	1345.83
29	1354.51
30	1360.55
31	1365.08
32	1369.32
33	1379.01
34	1384.92
35	1388.98
36	1392.72
37	1395.97
38	1399.31
39	1401.65
40	1402.43
41	1403.16
42	1404.11
43	1406.64
44	1407.36
45	1407.13
46	1406.61
47	1406.28
48	1406.52
49	1404.87
50	1402.24
51	1399.5
52	1396.81
53	1395.31
54	1392.2
55	1389.67
56	1386.59
57	1384.5
58	1382.5
59	1380.91
60	1379
61	1376.38
62	1373.89
63	1371.12
64	1369.91
65	1367.52
66	1365.81
67	1363.64
68	1360.47
69	1358.82
70	1357.93
71	1355.4
72	1352.84
73	1350.55
74	1348.29
75	1347.27
76	1345.09
77	1340.55
78	1337.81
79	1334.53
80	1332.11
81	1328.66
82	1326.66
83	1323.6
84	1321.14
85	1315.92
86	1312.1
87	1308.1
88	1305.04
89	1299.99
90	1296.52
91	1296.12
92	1292.21
93	1287.63
94	1286.12
95	1283.65
96	1281.37
97	1277.03
98	1273.79
99	1270.32
100	1266.58
101	1264.88
102	1261.69
103	1259.25
104	1256.28
105	1252.27
106	1249.73
107	1246.55
108	1241.55
109	1238.72
110	1235.74
111	1233.62
112	1227.68
113	1225.49
114	1224.6
115	1224.26
116	1220.69
117	1217.94
118	1215.82
119	1214.35
120	1212.89
121	1211.67
122	1210.93
123	1210.19
124	1209.64
125	1207.99
126	1207.41
127	1207.08
128	1206.71
129	1205.47
130	1205.76
131	1205.05
132	1204.18
133	1203.17
134	1202.85
135	1202.79
136	1201.75
137	1201.2
138	1200.22
139	1198.27
140	1197.38
141	1197.81
142	1197
143	1196.62
144	1195.2
145	1193.94
146	1192.1
147	1190.84
148	1191.13
149	1189.6
150	1189.28
