c_bin	number_of_SNP_pairs	Observed_d2	Predicted_d2
0.04113042	6612132	0.03850687	0.03927112
0.02897379	3259558	0.04366272	0.04348827
0.02240891	1946924	0.04731839	0.04772062
0.01828524	1295551	0.05221560	0.05191414
0.01544573	921235	0.05572018	0.05604688
0.01337239	690463	0.06116243	0.06009698
0.01179274	534682	0.06561516	0.06405316
0.01054480	427849	0.06901369	0.06792743
0.00953850	349045	0.07202217	0.07170043
0.00870664	292195	0.07546201	0.07538991
0.00800842	246993	0.07688888	0.07899277
0.00741438	211447	0.08246203	0.08250983
0.00690189	183120	0.08457705	0.08595117
0.00645582	161155	0.09030615	0.08931499
0.00606458	141091	0.09336512	0.09259985
0.00571720	125762	0.09713244	0.09582324
0.00540786	112166	0.09836218	0.09897518
0.00513070	100383	0.10220060	0.10205779
0.00488006	91296	0.10653856	0.10508531
0.00465289	82915	0.10782670	0.10805170
0.00435335	145762	0.11284086	0.11233233
0.00400448	122691	0.11907125	0.11793843
0.00370681	105674	0.12358652	0.12335405
0.00345106	91659	0.13022978	0.12856519
0.00322801	80471	0.13720096	0.13360745
0.00294806	133026	0.14395809	0.14071716
0.00263618	106816	0.14944962	0.14988902
0.00238481	87804	0.15702500	0.15847847
0.00209329	134933	0.17154614	0.17014577
0.00168618	174224	0.19072430	0.19058230
0.00121945	182926	0.21841476	0.22304645
