Generation	Ne_diploids
1	664.616
2	664.616
3	664.616
4	664.616
5	663.717
6	663.016
7	661.728
8	659.979
9	656.94
10	652.089
11	647.137
12	640.98
13	631.885
14	621.562
15	608.725
16	592.373
17	576.367
18	563.179
19	547.045
20	534.119
21	523.279
22	514.486
23	510.608
24	506.991
25	502.582
26	498.011
27	495.48
28	494.061
29	492.409
30	490.678
31	488.051
32	486.725
33	485.592
34	484.628
35	483.822
36	483.27
37	482.673
38	481.952
39	481.369
40	480.932
41	480.518
42	480.116
43	479.989
44	479.733
45	479.529
46	479.426
47	479.265
48	479.13
49	479.03
50	478.857
51	478.785
52	478.668
53	478.706
54	478.343
55	478.605
56	478.682
57	478.646
58	478.602
59	478.767
60	478.906
61	479.017
62	479.398
63	479.478
64	479.491
65	479.657
66	479.825
67	479.858
68	480.016
69	480.29
70	480.494
71	480.79
72	481.231
73	481.523
74	481.916
75	482.129
76	482.798
77	483.254
78	483.714
79	484.233
80	484.609
81	485.393
82	485.82
83	486.299
84	486.618
85	487.149
86	487.725
87	488.44
88	489.402
89	490.325
90	491.248
91	492.317
92	493.043
93	494.114
94	495.07
95	496.212
96	497.059
97	497.712
98	499.094
99	500.478
100	501.262
101	501.835
102	502.674
103	503.652
104	505.768
105	507.728
106	508.849
107	510.191
108	512.219
109	513.477
110	514.572
111	516.028
112	517.829
113	519.614
114	521.272
115	523.717
116	526.214
117	527.499
118	528.595
119	529.706
120	530.783
121	532.122
122	533.703
123	535.541
124	537.378
125	538.662
126	540.093
127	541.163
128	542.92
129	544.35
130	546.522
131	547.718
132	549.131
133	551.327
134	553.041
135	555.457
136	556.636
137	558.353
138	559.681
139	560.471
140	561.756
141	563.119
142	564.648
143	566.051
144	567.372
145	568.064
146	568.498
147	569.038
148	569.685
149	570.451
150	571.008
